87,
      154,
      372,
      530,
      744,
      768,
      1114,
      1299,
      1595,
      1649,
      1849,
      1911,
      1936,
      1964,
      2039,
      2070,
      2089,
      2174,
      2197,
      2479,
      2576,
      2632,
      2874,
      2940,
      3005,
      3256,
      3257,
      3387,
      4226,
      4490,
      4765,
      5062,
      5088,
      5183,
      5215,
      5342,
      5507,
      5717,
      5810,
      6486,
      6800,
      6849,
      6904,
      7183,
      7637,
      8041,
      8456,
      8491,
      8542,
      8620,
      8721,
      9022,
      9257,
      9360,
      9618,
      9642,
      10031,
      10645,
      10653,
      10772,
      10773,
      10781,
      10900,
      10901,
      11481,
      11806,
      11879,
      12071,
      12253,
      12481,
      12697,
      13058,
      13125,
      13209,
      13331,
      13337,
      13338,
      13339,
      13363,
      13465,
      13466,
      13487,
      13590,
      13594,
      13721,
      13849,
      13889,
      13975,
      13977,
      14022,
      14075,
      14133,
      14199,
      14262,
      14329,
      14350,
      14395,
      14494,
      14667,
      14668,
      14670,
      14865,
      14878,
      15118,
      15125,
      15254,
      16327,
      16331